function [eccDegs, integratedSensitivitySurroundToCenter ] = CronerKaplanFig11Data()

d = [ ...
2.479338842975E-1	1.541665968183E-1; ...
4.132231404959E-1	3.103615912025E-1; ...
9.917355371901E-1	5.355430573483E-1; ...
1.322314049587E0	5.943833503763E-1; ...
9.090909090909E-1	6.410155398723E-1; ...
2.231404958678E0	6.816505456557E-1; ...
4.710743801653E0	7.446565973212E-1; ...
3.140495867769E0	6.472138869797E-1; ...
2.148760330579E0	5.660276934940E-1; ...
2.561983471074E0	5.315658893937E-1; ...
4.297520661157E0	6.330737766751E-1; ...
4.214876033058E0	5.925016344526E-1; ...
5.371900826446E0	6.108158852028E-1; ...
6.363636363636E0	6.473773322381E-1; ...
6.611570247934E0	6.778158684391E-1; ...
6.198347107438E0	8.562938997200E-1; ...
6.198347107438E0	7.386468408965E-1; ...
6.859504132231E0	7.285383802994E-1; ...
9.338842975207E0	6.840393609709E-1; ...
9.504132231405E0	6.475365865925E-1; ...
7.024793388430E0	6.048145105862E-1; ...
7.520661157025E0	5.460161265988E-1; ...
9.669421487603E0	5.501818852363E-1; ...
1.024793388430E1	5.664384020921E-1; ...
1.099173553719E1	5.766181080583E-1; ...
1.214876033058E1	6.598410809180E-1; ...
1.330578512397E1	6.761269341022E-1; ...
1.123966942149E1	7.531012690058E-1; ...
1.479338842975E1	8.486161634788E-1; ...
1.380165289256E1	7.390324040702E-1; ...
1.553719008264E1	7.492624008851E-1; ...
1.702479338843E1	7.371674517627E-1; ...
1.892561983471E1	7.758033963087E-1; ...
2.033057851240E1	7.860166295073E-1; ...
2.115702479339E1	8.185128996027E-1; ...
2.198347107438E1	8.327535916048E-1; ...
2.355371900826E1	7.719812918043E-1; ...
2.305785123967E1	7.496437731547E-1; ...
3.041322314050E1	8.169538832917E-1; ...
2.297520661157E1	6.259073307294E-1; ...
3.487603305785E1	6.325960136121E-1; ...
1.619834710744E1	6.215068814645E-1; ...
1.429752066116E1	5.767857442207E-1; ...
1.644628099174E1	5.829799004241E-1; ...
1.578512396694E1	5.484636145709E-1; ...
1.090909090909E1	5.218471828743E-1; ...
7.190082644628E0	5.094882067960E-1; ...
6.446280991736E0	4.830813203024E-1; ...
4.132231404959E0	4.728219871591E-1; ...
1.983471074380E0	5.173377701038E-1; ...
2.066115702479E0	4.625752267279E-1; ...
8.264462809917E-1	3.976036410574E-1; ...
9.917355371901E-1	3.692144569427E-1; ...
3.801652892562E0	4.058681038674E-1; ...
5.785123966942E0	4.363946490537E-1; ...
2.644628099174E0	3.469859017987E-1; ...
2.314049586777E0	3.327703552210E-1; ...
5.041322314050E0	3.329086550551E-1; ...
6.033057851240E0	3.674417045245E-1; ...
8.677685950413E0	3.756894037182E-1; ...
7.272727272727E0	3.107094362396E-1; ...
7.190082644628E0	2.539101134897E-1; ...
6.033057851240E0	1.869143211574E-1; ...
6.115702479339E0	1.504073558748E-1; ...
9.669421487603E0	1.181332036947E-1; ...
1.396694214876E1	2.299129968317E-1; ...
1.297520661157E1	3.515665599383E-1; ...
1.363636363636E1	4.083952190166E-1; ...
1.578512396694E1	3.760498214675E-1; ...
1.595041322314E1	2.239283858314E-1; ...
1.859504132231E1	5.161517442543E-1; ...
2.099173553719E1	4.594781486262E-1; ...
2.471074380165E1	4.272123782542E-1; ...
2.785123966942E1	4.375136204382E-1; ...
2.826446280992E1	4.862161165407E-1 ...
];

eccDegs = d(:,1);
integratedSensitivitySurroundToCenter = d(:,2);

end

