
function [KsToKc, eccDegs] = CronerKaplanFig6Data()



d = [ ...
3.995634542916E-1	5.360146121998E-3; ...
9.316251651450E-1	1.344871997194E-2; ...
1.216821387486E0	1.526002362251E-2; ...
1.257419395160E0	1.028213833660E-2; ...
1.041729463949E0	8.517798933994E-3; ...
1.912949966556E0	4.801223308947E-2; ...
2.103993580990E0	3.821888038374E-2; ...
2.236380588476E0	6.702391799537E-2; ...
3.941366995407E0	6.318633957334E-2; ...
1.406827024028E1	1.188036905710E-1; ...
6.953123701344E0	4.452545307118E-2; ...
1.224364986097E1	5.387057966821E-2; ...
1.574322866622E1	5.986260461683E-2; ...
2.226315211675E1	5.406482274288E-2; ...
3.049273641446E1	5.646714175540E-2; ...
3.681932847845E1	6.143361410536E-2; ...
3.830132377618E0	2.750264990083E-2; ...
4.210847135241E0	2.480136322996E-2; ...
4.852829499044E0	2.284173718916E-2; ...
5.681787852855E0	2.060604686805E-2; ...
6.342468490166E0	2.149517318143E-2; ...
6.248332190908E0	1.709932855258E-2; ...
9.387334748480E0	3.132522509904E-2; ...
9.393338371482E0	2.597955833079E-2; ...
3.896684419223E0	1.777474269648E-2; ...
2.356501540222E0	1.500561230175E-2; ...
1.954779811249E0	8.550131400360E-3; ...
2.557366955287E0	6.014179306350E-3; ...
2.332932981569E0	2.843674040894E-3; ...
3.033286276827E0	1.220731880799E-2; ...
4.090263403562E0	1.222930718764E-2; ...
4.098989603182E0	6.554311296832E-3; ...
8.704260936370E0	1.254311776404E-2; ...
1.050946272795E1	1.393300906135E-2; ...
1.068751794306E1	1.020113887069E-2; ...
5.973799419138E0	8.788657550861E-3; ...
6.175302170590E0	5.337095585685E-3; ...
5.803143213023E0	4.244433016788E-3; ...
7.232733298886E0	4.339350549959E-3; ...
1.373743031241E1	1.257761851834E-2; ...
1.557249221333E1	1.455900237799E-2; ...
1.372572477348E1	1.614166516558E-2; ...
1.349992941208E1	2.071367296144E-2; ...
1.681962867347E1	2.349675912576E-2; ...
2.032233141599E1	2.120097275688E-2; ...
2.232015992669E1	2.557790886690E-2; ...
2.230589430352E1	3.084093049683E-2; ...
1.418971636908E1	9.600671567195E-3; ...
1.512547673187E1	7.329714823471E-3; ...
1.825461072827E1	9.223621132584E-3; ...
2.007482060223E1	7.653953676824E-3; ...
2.880610066718E1	9.641679558105E-3; ...
1.106608533323E1	3.840258206971E-3; ...
1.255678775997E1	3.322656068312E-3; ...
1.564234128070E1	3.929113354459E-3; ...
1.590396991555E1	3.061863160791E-3; ...
6.096625889871E0	2.275455254250E-3; ...
6.100958339998E0	1.848318043307E-3; ...
8.495943076409E0	1.504350186167E-3; ...
1.382357650762E1	2.018516799214E-3; ...
1.341627665414E1	1.277346097268E-3; ...
2.718184470832E1	2.296022483329E-3; ...
2.085097127443E1	1.154289036099E-3; ...
2.403330787252E1	1.019787839084E-3; ...
7.059633304123E0	5.204370181702E-4; ...
5.329328959292E0	2.843034419359E-4; ...
9.563007698054E0	1.378108873112E-4];

eccDegs = d(:,1);
KsToKc = d(:,2);

end

