function [Rc, Rs] = CronerKaplanFig4Data()

d = [...
    0.26113     0.029751; ...
    0.37223     0.032685; ...
     1.1081     0.033531; ...
     1.3325     0.036466; ...
     1.0565     0.026827; ...
     1.0613     0.020542; ...
     1.6766     0.031023; ...
    0.92487     0.051127; ...
     1.9295     0.071249; ...
     1.8823     0.058679; ...
     2.5097     0.053239; ...
     2.6306     0.043184; ...
     2.9759     0.036065; ...
     2.2979     0.033544; ...
     2.3584     0.028516; ...
     2.6451      0.02391; ...
     3.2063     0.031039; ...
     3.7716     0.032721; ...
     3.7757     0.027274; ...
     4.6826     0.026865; ...
     3.9884     0.045712; ...
     4.1511     0.055351; ...
     4.5993     0.062059; ...
     6.1335     0.056209; ...
     6.2981     0.063334; ...
     6.9716     0.071721; ...
     5.4036     0.047403; ...
     5.2988     0.036089; ...
      5.974     0.042381; ...
      6.651     0.046159; ...
     7.5597     0.043236; ...
     6.3744     0.037357; ...
     6.0389     0.031488; ...
     7.2885     0.027311; ...
     7.6233     0.034018; ...
     8.7609     0.028164; ...
     8.6894     0.047856; ...
     8.4422     0.075088; ...
     9.2946     0.071745; ...
      10.48     0.077624; ...
       11.1     0.082239; ...
     9.6959     0.065465; ...
     9.6434     0.060017; ...
     9.5345      0.05415; ...
     9.9918     0.048708; ...
     11.111     0.066736; ...
     11.306     0.033638; ...
     12.317     0.045799; ...
     12.817     0.059212; ...
     13.769     0.073049; ...
      14.78     0.084792; ...
     13.967      0.11202; ...
     14.652      0.10448; ...
     15.843      0.10324; ...
     16.104      0.13215; ...
     16.559      0.20548; ...
     35.141      0.20735; ...
     28.331      0.14778; ...
     27.883      0.14066; ...
      30.32      0.13942; ...
      32.01      0.15243; ...
     16.989     0.086072; ...
     16.206     0.073075; ...
     15.586     0.068459; ...
     14.346     0.059647; ...
     14.128     0.047913; ...
     13.677     0.045395; ...
     13.169     0.042875; ...
     15.664      0.03955; ...
     18.592     0.063882; ...
     19.037     0.075199; ...
     21.295     0.086117; ...
     21.357     0.079414; ...
     20.569     0.072701; ...
     22.077      0.10079; ...
     23.376      0.10667; ...
     22.927       0.1008; ...
     23.159     0.093259; ...
     24.294     0.091176; ...
     24.809     0.084478 ...
    ];
Rc.eccDegs = d(:,1);
Rc.radiusDegs = d(:,2);

d = [ ...
    0.39868       0.2402; ...
    0.40361      0.15263; ...
    0.93473      0.10863; ...
     1.0282      0.15822; ...
    0.90499      0.18829; ...
     1.0268      0.20333; ...
     1.2475      0.20718; ...
     1.2491      0.16595; ...
     1.9227      0.10431; ...
     2.1389      0.11596; ...
     2.1764      0.16892; ...
     2.3505      0.20091; ...
     2.5398      0.21909; ...
     1.9264      0.41447; ...
     2.2977      0.35501; ...
     2.4552      0.49752; ...
     2.7578      0.56381; ...
     1.8649       4.1185; ...
     3.6192        3.769; ...
     7.1798       2.2128; ...
     5.1715       1.2657; ...
     5.4876       1.0845; ...
     4.4871      0.60238; ...
     3.0002      0.18408; ...
     4.1303      0.25531; ...
     4.1333      0.22522; ...
     3.8285      0.17699; ...
     4.1803      0.17025; ...
     3.8704      0.14452; ...
     4.6129      0.14169; ...
     3.9985     0.080226; ...
     5.1687      0.24787; ...
     5.7299      0.51091; ...
     6.2503      0.58466; ...
     6.3827      0.45056; ...
     7.1735      0.45918; ...
     5.7955       0.3825; ...
     6.1484      0.34063; ...
     5.8599      0.30343; ...
     6.5263      0.27544; ...
     7.3996      0.33395; ...
     8.5519      0.42899; ...
     9.4522      0.26731; ...
     9.0974      0.23583; ...
     7.0673       0.2042; ...
     8.5106      0.18003; ...
     11.865      0.15119; ...
     15.703      0.22438; ...
     12.919      0.23788; ...
     13.426      0.25694; ...
     14.509      0.27483; ...
     11.131      0.39302; ...
     10.081      0.52509; ...
     11.228      0.47208; ...
     8.8806      0.53551; ...
     9.7836       0.5953; ...
     9.6241       1.9504; ...
     16.499       1.1129; ...
     14.265      0.99163; ...
     13.339      0.81777; ...
     12.481      0.60649; ...
     15.465      0.60031; ...
     14.888      0.50466; ...
     16.258      0.47616; ...
       14.9       0.4409; ...
      13.26      0.41624; ...
     17.378      0.62977; ...
     17.875      0.75641; ...
     19.904      0.71365; ...
     20.133      0.52916; ...
     22.643      0.47572; ...
     29.444      0.51351; ...
     34.705       0.6408; ...
     20.803       1.5893; ...
     24.067       1.7161; ...
     27.834       1.9446; ...
     23.406       1.3355; ...
     27.933       1.0387; ...
     32.026      0.97989; ...
     5.7914      0.43362 ...
    ];

Rs.eccDegs = d(:,1);
Rs.radiusDegs = d(:,2);
end