function [RcDegs, Kc] = CronerKaplanFig5BData()
    d = [ ...
    0.020569     902.36  ; ...
    0.024022     799.38  ; ...
    0.023075     647.07  ; ...
    0.026585     640.39  ; ...
     0.02115      360.9  ; ...
    0.022167     459.52  ; ...
    0.024525      478.3  ; ...
    0.026592     487.94  ; ...
    0.026951     523.56  ; ...
    0.030848     432.27  ; ...
    0.057745     467.89  ; ...
    0.028075     349.95  ; ...
    0.029436     300.86  ; ...
     0.02752     263.98  ; ...
    0.034141     313.12  ; ...
    0.043519     329.12  ; ...
    0.032139     243.47  ; ...
    0.033917     266.53  ; ...
    0.037528     258.54  ; ...
    0.041803     258.48  ; ...
    0.047515     269.03  ; ...
    0.039612     233.75  ; ...
    0.027527     203.18  ; ...
    0.030052     181.84  ; ...
     0.03325     187.37  ; ...
     0.03463     147.13  ; ...
    0.036544     174.58  ; ...
    0.039889     185.42  ; ...
    0.042954     213.46  ; ...
    0.047207     211.28  ; ...
    0.045345     169.31  ; ...
    0.028489     105.58  ; ...
    0.031308      109.9  ; ...
    0.028123     60.075  ; ...
    0.035127     68.444  ; ...
    0.042425     69.808  ; ...
    0.046917     116.64  ; ...
    0.053325     126.39  ; ...
    0.054426     101.27  ; ...
    0.052987     84.486  ; ...
    0.059414     98.236  ; ...
    0.058232     85.323  ; ...
     0.05983     77.926  ; ...
     0.06754     90.608  ; ...
    0.072728     107.51  ; ...
    0.084924     111.89  ; ...
    0.084937     96.202  ; ...
    0.073235     87.015  ; ...
    0.072263     76.341  ; ...
    0.064012     66.992  ; ...
    0.064891     57.598  ; ...
    0.058259     53.153  ; ...
      0.0416     37.771  ; ...
    0.064044     40.491  ; ...
    0.071337     41.723  ; ...
    0.075793     46.137  ; ...
    0.078915     50.509  ; ...
    0.082713     61.153  ; ...
    0.086703     66.947  ; ...
    0.094639     72.549  ; ...
     0.10192     78.623  ; ...
     0.10474     52.553  ; ...
     0.10763     42.108  ; ...
     0.14289      33.72  ; ...
    0.074803     32.434  ; ...
    0.067627     24.226  ; ...
    0.047019       12.6  ; ...
    0.063249     14.645  ; ...
    0.063277     9.3087  ; ...
    0.070442     17.375  ; ...
    0.074342      18.27  ; ...
    0.085073     18.636  ; ...
     0.10136     21.022  ; ...
     0.10411     26.233  ; ...
     0.11364     27.033  ; ...
     0.13372     10.918  ; ...
     0.14999     9.0147  ; ...
     0.21161     6.6593  ; ...
     0.14321     3.4637 ; ...
      0.2061     3.7137 ...
    ];
    RcDegs = d(:,1);
    Kc = d(:,2);
end
